Big Pos, , , Big Force, , , BigTheta, , , BigTorque, , ,          Torq Est, , , Resid, , BigPosIdx
X, Y, Z,X, Y, Z,X, Y, Z,X, Y, Z,X, Y, Z,X, Y, Z, 
4.10,0.20,0.00,0.00,0.00,15.00,-0.12,-1.75,-0.06,3.00,-61.50,0.00,1.49,-62.68,0.00,1.51,1.18,4.00
4.10,0.20,0.00,0.00,0.00,15.00,-0.06,-2.00,-0.12,3.00,-61.50,0.00,-0.61,-71.58,0.00,3.61,10.08,4.00
4.10,0.20,0.00,0.00,0.00,15.00,-0.12,-2.00,-0.12,3.00,-61.50,0.00,1.23,-71.39,0.00,1.77,9.89,4.00
4.10,0.20,0.00,0.00,0.00,44.70,-0.56,-5.25,-0.12,8.94,-183.27,0.00,9.91,-187.84,0.00,-0.97,4.57,4.00
4.10,0.20,0.00,0.00,0.00,44.70,-0.62,-5.19,-0.25,8.94,-183.27,0.00,11.95,-184.71,0.00,-3.01,1.44,4.00
4.10,0.20,0.00,0.00,0.00,44.70,-0.50,-5.50,-0.12,8.94,-183.27,0.00,7.75,-197.08,0.00,1.19,13.81,4.00
4.10,0.20,0.00,0.00,0.00,64.50,-0.69,-7.19,-0.19,12.90,-264.45,0.00,11.15,-257.32,0.00,1.75,-7.13,4.00
4.10,0.20,0.00,0.00,0.00,64.50,-0.81,-7.81,-0.19,12.90,-264.45,0.00,14.03,-279.59,0.00,-1.13,15.14,4.00
4.10,0.20,0.00,0.00,0.00,64.50,-0.69,-7.62,-0.25,12.90,-264.45,0.00,10.65,-272.82,0.00,2.25,8.37,4.00
4.10,0.20,0.00,0.00,0.00,94.40,-1.31,-11.56,-1.88,18.88,-387.04,0.00,25.55,-404.68,0.00,-6.67,17.64,4.00
4.10,0.20,0.00,0.00,0.00,94.40,-1.12,-11.56,-0.25,18.88,-387.04,0.00,18.45,-414.17,0.00,0.43,27.13,4.00
4.10,0.20,0.00,0.00,0.00,94.40,-1.06,-11.06,-0.25,18.88,-387.04,0.00,17.26,-396.24,0.00,1.62,9.20,4.00
4.10,-0.10,0.00,0.00,0.00,15.00,0.00,-1.75,-0.12,-1.50,-61.50,0.00,-2.13,-62.70,0.00,0.63,1.20,5.00
4.10,-0.10,0.00,0.00,0.00,15.00,0.00,-1.69,-0.12,-1.50,-61.50,0.00,-2.05,-60.44,0.00,0.55,-1.06,5.00
4.10,-0.10,0.00,0.00,0.00,15.00,0.00,-1.75,-0.12,-1.50,-61.50,0.00,-2.13,-62.70,0.00,0.63,1.20,5.00
4.10,-0.10,0.00,0.00,0.00,44.70,0.00,-5.94,-0.12,-4.47,-183.27,0.00,-7.51,-214.38,0.00,3.04,31.11,5.00
4.10,-0.10,0.00,0.00,0.00,44.70,0.00,-5.50,-0.06,-4.47,-183.27,0.00,-7.01,-198.88,0.00,2.54,15.61,5.00
4.10,-0.10,0.00,0.00,0.00,44.70,-0.06,-5.50,-0.12,-4.47,-183.27,0.00,-5.11,-198.35,0.00,0.64,15.08,5.00
4.10,-0.10,0.00,0.00,0.00,64.50,-0.06,-8.12,-2.38,-6.45,-264.45,0.00,-6.29,-281.06,0.00,-0.16,16.61,5.00
4.10,-0.10,0.00,0.00,0.00,64.50,-0.06,-7.06,-0.06,-6.45,-264.45,0.00,-7.18,-255.30,0.00,0.73,-9.15,5.00
4.10,-0.10,0.00,0.00,0.00,64.50,-0.06,-7.19,-0.12,-6.45,-264.45,0.00,-7.28,-259.48,0.00,0.83,-4.97,5.00
4.10,-0.10,0.00,0.00,0.00,94.40,-0.12,-11.81,-1.88,-9.44,-387.04,0.00,-9.68,-417.20,0.00,0.24,30.16,5.00
4.10,-0.10,0.00,0.00,0.00,94.40,-0.06,-11.12,-0.25,-9.44,-387.04,0.00,-12.22,-401.42,0.00,2.78,14.38,5.00
4.10,-0.10,0.00,0.00,0.00,94.40,-0.12,-11.50,-0.19,-9.44,-387.04,0.00,-10.93,-415.16,0.00,1.49,28.12,5.00
4.10,-0.40,0.00,0.00,0.00,15.00,0.06,-1.81,-0.12,-6.00,-61.50,0.00,-4.05,-65.15,0.00,-1.95,3.65,6.00
4.10,-0.40,0.00,0.00,0.00,15.00,0.12,-2.00,-0.06,-6.00,-61.50,0.00,-6.18,-72.47,0.00,0.18,10.97,6.00
4.10,-0.40,0.00,0.00,0.00,15.00,0.12,-1.88,-0.06,-6.00,-61.50,0.00,-6.02,-67.94,0.00,0.02,6.44,6.00
4.10,-0.40,0.00,0.00,0.00,44.70,0.25,-5.69,-0.12,-17.88,-183.27,0.00,-14.54,-206.06,0.00,-3.34,22.79,6.00
4.10,-0.40,0.00,0.00,0.00,44.70,0.38,-5.50,-0.12,-17.88,-183.27,0.00,-17.97,-199.63,0.00,0.09,16.36,6.00
4.10,-0.40,0.00,0.00,0.00,44.70,0.38,-5.50,-0.06,-17.88,-183.27,0.00,-18.03,-199.97,0.00,0.15,16.70,6.00
4.10,-0.40,0.00,0.00,0.00,64.50,0.44,-7.50,-0.25,-25.80,-264.45,0.00,-22.26,-271.57,0.00,-3.54,7.12,6.00
4.10,-0.40,0.00,0.00,0.00,64.50,0.50,-7.88,-0.94,-25.80,-264.45,0.00,-23.91,-281.55,0.00,-1.89,17.10,6.00
4.10,-0.40,0.00,0.00,0.00,64.50,0.75,-7.50,-0.19,-25.80,-264.45,0.00,-31.51,-272.82,0.00,5.71,8.37,6.00
4.10,-0.40,0.00,0.00,0.00,94.40,0.69,-10.00,-0.38,-37.76,-387.04,0.00,-32.70,-362.17,0.00,-5.06,-24.87,6.00
4.10,-0.40,0.00,0.00,0.00,94.40,0.69,-9.75,-0.06,-37.76,-387.04,0.00,-32.68,-354.83,0.00,-5.08,-32.21,6.00
4.10,-0.40,0.00,0.00,0.00,94.40,0.75,-10.31,-0.06,-37.76,-387.04,0.00,-35.24,-375.39,0.00,-2.52,-11.65,6.00
3.10,0.20,0.00,0.00,0.00,15.00,0.00,-1.19,-0.06,3.00,-46.50,0.00,-1.47,-42.67,0.00,4.47,-3.83,10.00
3.10,0.20,0.00,0.00,0.00,15.00,-0.06,-1.31,0.00,3.00,-46.50,0.00,0.15,-47.36,0.00,2.85,0.86,10.00
3.10,0.20,0.00,0.00,0.00,15.00,-0.19,-1.19,-0.12,3.00,-46.50,0.00,4.11,-41.78,0.00,-1.11,-4.72,10.00
3.10,0.20,0.00,0.00,0.00,44.70,-0.62,-3.88,-0.06,8.94,-138.57,0.00,13.45,-138.20,0.00,-4.51,-0.37,10.00
3.10,0.20,0.00,0.00,0.00,44.70,-0.44,-3.94,-0.12,8.94,-138.57,0.00,7.92,-140.66,0.00,1.02,2.09,10.00
3.10,0.20,0.00,0.00,0.00,44.70,-0.44,-3.69,-0.12,8.94,-138.57,0.00,8.24,-131.61,0.00,0.70,-6.96,10.00
3.10,0.20,0.00,0.00,0.00,64.50,-0.69,-5.12,-0.06,12.90,-199.95,0.00,13.68,-183.29,0.00,-0.78,-16.66,10.00
3.10,0.20,0.00,0.00,0.00,64.50,-0.69,-5.31,-0.19,12.90,-199.95,0.00,13.56,-189.40,0.00,-0.66,-10.55,10.00
3.10,0.20,0.00,0.00,0.00,64.50,-0.69,-5.69,-0.19,12.90,-199.95,0.00,13.08,-202.98,0.00,-0.18,3.03,10.00
3.10,0.20,0.00,0.00,0.00,94.40,-1.06,-8.06,-0.19,18.88,-292.64,0.00,21.05,-287.92,0.00,-2.17,-4.72,10.00
3.10,0.20,0.00,0.00,0.00,94.40,-1.12,-7.50,-0.19,18.88,-292.64,0.00,23.61,-267.36,0.00,-4.73,-25.28,10.00
3.10,0.20,0.00,0.00,0.00,94.40,-1.00,-7.56,-0.19,18.88,-292.64,0.00,19.86,-269.99,0.00,-0.98,-22.65,10.00
3.10,0.20,0.00,0.00,0.00,144.50,-1.38,-12.38,-0.25,28.90,-447.95,0.00,24.76,-442.87,0.00,4.14,-5.08,10.00
3.10,0.20,0.00,0.00,0.00,144.50,-1.44,-12.94,-2.94,28.90,-447.95,0.00,28.49,-448.28,0.00,0.41,0.33,10.00
3.10,0.20,0.00,0.00,0.00,144.50,-1.38,-12.06,-0.31,28.90,-447.95,0.00,25.22,-431.21,0.00,3.68,-16.74,10.00
3.10,-0.10,0.00,0.00,0.00,15.00,0.00,-1.38,-0.06,-1.50,-46.50,0.00,-1.71,-49.46,0.00,0.21,2.96,11.00
3.10,-0.10,0.00,0.00,0.00,15.00,0.00,-1.19,-0.06,-1.50,-46.50,0.00,-1.47,-42.67,0.00,-0.03,-3.83,11.00
3.10,-0.10,0.00,0.00,0.00,15.00,-0.06,-1.19,-0.12,-1.50,-46.50,0.00,0.43,-42.14,0.00,-1.93,-4.36,11.00
3.10,-0.10,0.00,0.00,0.00,44.70,0.00,-3.50,-0.12,-4.47,-138.57,0.00,-4.38,-126.09,0.00,-0.09,-12.48,11.00
3.10,-0.10,0.00,0.00,0.00,44.70,0.06,-3.62,-0.12,-4.47,-138.57,0.00,-6.38,-130.80,0.00,1.91,-7.77,11.00
3.10,-0.10,0.00,0.00,0.00,44.70,0.00,-3.62,-0.12,-4.47,-138.57,0.00,-4.54,-130.62,0.00,0.07,-7.95,11.00
3.10,-0.10,0.00,0.00,0.00,64.50,-0.06,-5.25,-0.12,-6.45,-199.95,0.00,-4.79,-189.30,0.00,-1.66,-10.65,11.00
3.10,-0.10,0.00,0.00,0.00,64.50,0.00,-5.38,-0.19,-6.45,-199.95,0.00,-6.73,-193.67,0.00,0.28,-6.28,11.00
3.10,-0.10,0.00,0.00,0.00,64.50,-0.06,-4.94,-0.06,-6.45,-199.95,0.00,-4.45,-178.32,0.00,-2.00,-21.63,11.00
3.10,-0.10,0.00,0.00,0.00,94.40,0.00,-7.62,-0.94,-9.44,-292.64,0.00,-8.89,-271.04,0.00,-0.55,-21.60,11.00
3.10,-0.10,0.00,0.00,0.00,94.40,-0.06,-7.69,-0.06,-9.44,-292.64,0.00,-7.98,-277.94,0.00,-1.46,-14.70,11.00
3.10,-0.10,0.00,0.00,0.00,94.40,0.00,-8.25,-1.56,-9.44,-292.64,0.00,-9.08,-290.24,0.00,-0.36,-2.40,11.00
3.10,-0.10,0.00,0.00,0.00,144.50,0.12,-12.25,-2.25,-14.45,-447.95,0.00,-17.23,-431.71,0.00,2.78,-16.24,11.00
3.10,-0.10,0.00,0.00,0.00,144.50,0.12,-11.94,-1.94,-14.45,-447.95,0.00,-17.13,-422.11,0.00,2.68,-25.84,11.00
3.10,-0.10,0.00,0.00,0.00,144.50,0.25,-12.62,-2.81,-14.45,-447.95,0.00,-20.83,-442.57,0.00,6.38,-5.38,11.00
3.10,-0.40,0.00,0.00,0.00,15.00,0.12,-1.19,-0.06,-6.00,-46.50,0.00,-5.14,-43.03,0.00,-0.86,-3.47,12.00
3.10,-0.40,0.00,0.00,0.00,15.00,0.25,-1.19,-0.06,-6.00,-46.50,0.00,-8.81,-43.40,0.00,2.81,-3.10,12.00
3.10,-0.40,0.00,0.00,0.00,15.00,0.06,-1.19,-0.06,-6.00,-46.50,0.00,-3.30,-42.85,0.00,-2.70,-3.65,12.00
3.10,-0.40,0.00,0.00,0.00,44.70,0.31,-3.56,-0.06,-17.88,-138.57,0.00,-13.71,-129.61,0.00,-4.17,-8.96,12.00
3.10,-0.40,0.00,0.00,0.00,44.70,0.38,-3.62,-0.06,-17.88,-138.57,0.00,-15.62,-132.06,0.00,-2.26,-6.51,12.00
3.10,-0.40,0.00,0.00,0.00,44.70,0.25,-3.56,-0.06,-17.88,-138.57,0.00,-11.87,-129.43,0.00,-6.01,-9.14,12.00
3.10,-0.40,0.00,0.00,0.00,64.50,0.50,-5.31,-0.06,-25.80,-199.95,0.00,-21.47,-193.55,0.00,-4.33,-6.40,12.00
3.10,-0.40,0.00,0.00,0.00,64.50,0.56,-5.88,-1.88,-25.80,-199.95,0.00,-22.26,-204.13,0.00,-3.54,4.18,12.00
3.10,-0.40,0.00,0.00,0.00,64.50,0.50,-5.06,-0.06,-25.80,-199.95,0.00,-21.15,-184.49,0.00,-4.65,-15.46,12.00
3.10,-0.40,0.00,0.00,0.00,94.40,0.75,-7.50,-1.25,-37.76,-292.64,0.00,-30.47,-266.98,0.00,-7.29,-25.66,12.00
3.10,-0.40,0.00,0.00,0.00,94.40,0.88,-8.38,-0.06,-37.76,-292.64,0.00,-36.43,-305.57,0.00,-1.33,12.93,12.00
3.10,-0.40,0.00,0.00,0.00,94.40,0.75,-7.25,-0.06,-37.76,-292.64,0.00,-31.31,-264.46,0.00,-6.45,-28.18,12.00
3.10,-0.40,0.00,0.00,0.00,144.50,1.50,-12.44,-0.06,-57.80,-447.95,0.00,-60.02,-454.55,0.00,2.22,6.60,12.00
3.10,-0.40,0.00,0.00,0.00,144.50,1.50,-12.06,0.00,-57.80,-447.95,0.00,-59.60,-441.31,0.00,1.80,-6.64,12.00
3.10,-0.40,0.00,0.00,0.00,144.50,1.69,-13.12,-0.19,-57.80,-447.95,0.00,-66.30,-479.31,0.00,8.50,31.36,12.00
