Big Pos, , , Big Force, , , BigTheta, , , BigTorque, , ,          Torq Est, , , Resid, , BigPosIdx
X, Y, Z,X, Y, Z,X, Y, Z,X, Y, Z,X, Y, Z,X, Y, Z, 
4.10,0.20,0.00,0.00,0.00,15.00,-0.12,-0.50,0.00,3.00,-61.50,0.00,2.27,-37.17,0.00,0.73,-24.33,4.00
4.10,0.20,0.00,0.00,0.00,15.00,-0.12,-0.56,0.00,3.00,-61.50,0.00,2.05,-41.82,0.00,0.95,-19.68,4.00
4.10,0.20,0.00,0.00,0.00,15.00,-0.19,-0.44,0.00,3.00,-61.50,0.00,4.48,-32.52,0.00,-1.48,-28.98,4.00
4.10,0.20,0.00,0.00,0.00,44.70,-0.50,-1.69,-0.12,8.94,-183.27,0.00,9.60,-135.96,0.00,-0.66,-47.31,4.00
4.10,0.20,0.00,0.00,0.00,44.70,-0.44,-1.88,-0.12,8.94,-183.27,0.00,6.95,-149.91,0.00,1.99,-33.36,4.00
4.10,0.20,0.00,0.00,0.00,44.70,-0.38,-1.38,-0.19,8.94,-183.27,0.00,6.40,-118.00,0.00,2.54,-65.27,4.00
4.10,0.20,0.00,0.00,0.00,64.50,-0.69,-1.75,-0.12,12.90,-264.45,0.00,15.38,-140.59,0.00,-2.48,-123.86,4.00
4.10,0.20,0.00,0.00,0.00,64.50,-0.44,-2.50,-0.12,12.90,-264.45,0.00,4.79,-196.38,0.00,8.11,-68.07,4.00
4.10,0.20,0.00,0.00,0.00,64.50,-0.81,-2.19,-0.19,12.90,-264.45,0.00,17.59,-178.38,0.00,-4.69,-86.07,4.00
4.10,0.20,0.00,0.00,0.00,94.40,-1.06,-4.00,-0.25,18.88,-387.04,0.00,19.03,-318.39,0.00,-0.15,-68.65,4.00
4.10,0.20,0.00,0.00,0.00,94.40,-1.19,-4.19,-0.19,18.88,-387.04,0.00,22.66,-327.06,0.00,-3.78,-59.98,4.00
4.10,0.20,0.00,0.00,0.00,94.40,-1.19,-3.56,-0.19,18.88,-387.04,0.00,24.82,-280.59,0.00,-5.94,-106.45,4.00
4.10,0.20,0.00,0.00,0.00,144.50,-1.94,-8.81,-0.25,28.90,-592.45,0.00,30.37,-676.16,0.00,-1.47,83.71,4.00
4.10,0.20,0.00,0.00,0.00,144.50,-2.06,-9.31,-0.25,28.90,-592.45,0.00,32.64,-713.33,0.00,-3.74,120.88,4.00
4.10,0.20,0.00,0.00,0.00,144.50,-1.94,-9.25,-0.31,28.90,-592.45,0.00,28.58,-713.96,0.00,0.32,121.51,4.00
4.10,-0.10,0.00,0.00,0.00,15.00,0.00,-0.38,-0.06,-1.50,-61.50,0.00,-1.58,-33.15,0.00,0.08,-28.35,5.00
4.10,-0.10,0.00,0.00,0.00,15.00,0.00,-0.44,-0.06,-1.50,-61.50,0.00,-1.79,-37.79,0.00,0.29,-23.71,5.00
4.10,-0.10,0.00,0.00,0.00,15.00,0.00,-0.56,-0.06,-1.50,-61.50,0.00,-2.23,-47.09,0.00,0.73,-14.41,5.00
4.10,-0.10,0.00,0.00,0.00,44.70,-0.12,-1.56,-0.06,-4.47,-183.27,0.00,-1.69,-121.43,0.00,-2.78,-61.84,5.00
4.10,-0.10,0.00,0.00,0.00,44.70,-0.06,-1.69,-0.06,-4.47,-183.27,0.00,-4.12,-130.73,0.00,-0.35,-52.54,5.00
4.10,-0.10,0.00,0.00,0.00,44.70,-0.06,-1.50,-0.12,-4.47,-183.27,0.00,-3.75,-122.06,0.00,-0.72,-61.21,5.00
4.10,-0.10,0.00,0.00,0.00,64.50,-0.06,-2.44,-0.19,-6.45,-264.45,0.00,-7.27,-197.03,0.00,0.82,-67.42,5.00
4.10,-0.10,0.00,0.00,0.00,64.50,-0.19,-2.31,-0.12,-6.45,-264.45,0.00,-2.56,-182.46,0.00,-3.89,-81.99,5.00
4.10,-0.10,0.00,0.00,0.00,64.50,-0.12,-2.62,-0.19,-6.45,-264.45,0.00,-5.92,-210.96,0.00,-0.53,-53.49,5.00
4.10,-0.10,0.00,0.00,0.00,94.40,-0.25,-3.75,-0.19,-9.44,-387.04,0.00,-5.82,-294.60,0.00,-3.62,-92.44,5.00
4.10,-0.10,0.00,0.00,0.00,94.40,-0.19,-3.88,-0.19,-9.44,-387.04,0.00,-8.25,-303.90,0.00,-1.19,-83.14,5.00
4.10,-0.10,0.00,0.00,0.00,94.40,-0.25,-4.50,-0.19,-9.44,-387.04,0.00,-8.41,-350.37,0.00,-1.03,-36.67,5.00
4.10,-0.10,0.00,0.00,0.00,144.50,-0.44,-8.19,-0.31,-14.45,-592.45,0.00,-15.73,-635.07,0.00,1.28,42.62,5.00
4.10,-0.10,0.00,0.00,0.00,144.50,-0.44,-9.44,-0.25,-14.45,-592.45,0.00,-19.78,-722.76,0.00,5.33,130.31,5.00
4.10,-0.10,0.00,0.00,0.00,144.50,-0.50,-10.06,-0.38,-14.45,-592.45,0.00,-20.50,-779.75,0.00,6.05,187.30,5.00
4.10,-0.40,0.00,0.00,0.00,15.00,0.19,-0.44,0.00,-6.00,-61.50,0.00,-7.51,-32.55,0.00,1.51,-28.95,6.00
4.10,-0.40,0.00,0.00,0.00,15.00,0.12,-0.44,0.00,-6.00,-61.50,0.00,-5.51,-32.54,0.00,-0.49,-28.96,6.00
4.10,-0.40,0.00,0.00,0.00,15.00,0.12,-0.44,0.00,-6.00,-61.50,0.00,-5.51,-32.54,0.00,-0.49,-28.96,6.00
4.10,-0.40,0.00,0.00,0.00,44.70,0.44,-1.81,-0.19,-17.88,-183.27,0.00,-21.10,-150.59,0.00,3.22,-32.68,6.00
4.10,-0.40,0.00,0.00,0.00,44.70,0.25,-1.69,-0.19,-17.88,-183.27,0.00,-14.67,-141.28,0.00,-3.21,-41.99,6.00
4.10,-0.40,0.00,0.00,0.00,44.70,0.19,-1.62,-0.12,-17.88,-183.27,0.00,-12.18,-131.37,0.00,-5.70,-51.90,6.00
4.10,-0.40,0.00,0.00,0.00,64.50,0.44,-2.81,-0.19,-25.80,-264.45,0.00,-24.56,-224.95,0.00,-1.24,-39.50,6.00
4.10,-0.40,0.00,0.00,0.00,64.50,0.44,-2.94,-0.12,-25.80,-264.45,0.00,-24.72,-228.98,0.00,-1.08,-35.47,6.00
4.10,-0.40,0.00,0.00,0.00,64.50,0.44,-1.88,-0.12,-25.80,-264.45,0.00,-21.04,-149.98,0.00,-4.76,-114.47,6.00
4.10,-0.40,0.00,0.00,0.00,94.40,0.62,-4.12,-0.19,-37.76,-387.04,0.00,-35.11,-322.56,0.00,-2.65,-64.48,6.00
4.10,-0.40,0.00,0.00,0.00,94.40,0.56,-4.81,-0.19,-37.76,-387.04,0.00,-35.49,-373.67,0.00,-2.27,-13.37,6.00
4.10,-0.40,0.00,0.00,0.00,94.40,0.75,-4.56,-0.25,-37.76,-387.04,0.00,-40.90,-360.36,0.00,3.14,-26.68,6.00
4.10,-0.40,0.00,0.00,0.00,144.50,1.00,-8.31,-0.25,-57.80,-592.45,0.00,-61.87,-639.22,0.00,4.07,46.77,6.00
4.10,-0.40,0.00,0.00,0.00,144.50,0.94,-9.31,-0.81,-57.80,-592.45,0.00,-65.84,-760.93,0.00,8.04,168.48,6.00
4.10,-0.40,0.00,0.00,0.00,144.50,1.00,-9.69,-0.25,-57.80,-592.45,0.00,-66.63,-741.46,0.00,8.83,149.01,6.00
3.10,0.20,0.00,0.00,0.00,15.00,-0.19,-0.12,-0.06,3.00,-46.50,0.00,5.29,-14.54,0.00,-2.29,-31.96,10.00
3.10,0.20,0.00,0.00,0.00,15.00,0.00,-0.44,0.00,3.00,-46.50,0.00,-1.51,-32.53,0.00,4.51,-13.97,10.00
3.10,0.20,0.00,0.00,0.00,15.00,-0.06,-0.25,0.00,3.00,-46.50,0.00,1.13,-18.58,0.00,1.87,-27.92,10.00
3.10,0.20,0.00,0.00,0.00,44.70,-0.31,-1.06,-0.06,8.94,-138.57,0.00,6.04,-84.24,0.00,2.90,-54.33,10.00
3.10,0.20,0.00,0.00,0.00,44.70,-0.38,-1.19,-0.06,8.94,-138.57,0.00,7.61,-93.53,0.00,1.33,-45.04,10.00
3.10,0.20,0.00,0.00,0.00,44.70,-0.31,-0.88,0.00,8.94,-138.57,0.00,6.97,-65.04,0.00,1.97,-73.53,10.00
3.10,0.20,0.00,0.00,0.00,64.50,-0.62,-1.75,-0.06,12.90,-199.95,0.00,13.66,-135.34,0.00,-0.76,-64.61,10.00
3.10,0.20,0.00,0.00,0.00,64.50,-0.88,-1.31,-0.06,12.90,-199.95,0.00,23.17,-102.79,0.00,-10.27,-97.16,10.00
3.10,0.20,0.00,0.00,0.00,64.50,-0.62,-1.62,-0.12,12.90,-199.95,0.00,13.81,-131.31,0.00,-0.91,-68.64,10.00
3.10,0.20,0.00,0.00,0.00,94.40,-1.19,-2.25,-1.19,18.88,-292.64,0.00,24.91,-267.20,0.00,-6.03,-25.44,10.00
3.10,0.20,0.00,0.00,0.00,94.40,-0.81,-2.38,-0.12,18.88,-292.64,0.00,17.22,-187.06,0.00,1.66,-105.58,10.00
3.10,0.20,0.00,0.00,0.00,94.40,-1.00,-2.25,-0.19,18.88,-292.64,0.00,23.37,-183.01,0.00,-4.49,-109.63,10.00
3.10,0.20,0.00,0.00,0.00,144.50,-1.44,-3.69,-0.19,28.90,-447.95,0.00,32.39,-289.86,0.00,-3.49,-158.09,10.00
3.10,0.20,0.00,0.00,0.00,144.50,-1.44,-4.69,-0.12,28.90,-447.95,0.00,29.21,-358.96,0.00,-0.31,-88.99,10.00
3.10,0.20,0.00,0.00,0.00,144.50,-1.62,-4.94,-0.12,28.90,-447.95,0.00,34.34,-377.53,0.00,-5.44,-70.42,10.00
3.10,0.20,0.00,0.00,0.00,193.70,-2.06,-8.38,-0.31,38.74,-600.47,0.00,35.60,-648.89,0.00,3.14,48.42,10.00
3.10,0.20,0.00,0.00,0.00,193.70,-2.06,-8.44,-0.25,38.74,-600.47,0.00,35.66,-648.27,0.00,3.08,47.80,10.00
3.10,0.20,0.00,0.00,0.00,193.70,-2.06,-8.25,-0.19,38.74,-600.47,0.00,36.59,-629.07,0.00,2.15,28.60,10.00
3.10,-0.10,0.00,0.00,0.00,15.00,0.06,-0.31,0.00,-1.50,-46.50,0.00,-3.08,-23.24,0.00,1.58,-23.26,11.00
3.10,-0.10,0.00,0.00,0.00,15.00,-0.06,-0.31,0.00,-1.50,-46.50,0.00,0.92,-23.23,0.00,-2.42,-23.27,11.00
3.10,-0.10,0.00,0.00,0.00,15.00,0.00,-0.31,0.00,-1.50,-46.50,0.00,-1.08,-23.24,0.00,-0.42,-23.26,11.00
3.10,-0.10,0.00,0.00,0.00,44.70,-0.06,-0.81,-0.06,-4.47,-138.57,0.00,-1.09,-65.67,0.00,-3.38,-72.90,11.00
3.10,-0.10,0.00,0.00,0.00,44.70,0.00,-1.00,-0.06,-4.47,-138.57,0.00,-3.74,-79.62,0.00,-0.73,-58.95,11.00
3.10,-0.10,0.00,0.00,0.00,44.70,0.00,-1.06,-0.06,-4.47,-138.57,0.00,-3.96,-84.27,0.00,-0.51,-54.30,11.00
3.10,-0.10,0.00,0.00,0.00,64.50,-0.06,-1.56,-0.12,-6.45,-199.95,0.00,-3.97,-126.70,0.00,-2.48,-73.25,11.00
3.10,-0.10,0.00,0.00,0.00,64.50,-0.06,-1.56,-0.12,-6.45,-199.95,0.00,-3.97,-126.70,0.00,-2.48,-73.25,11.00
3.10,-0.10,0.00,0.00,0.00,64.50,-0.06,-1.50,-0.12,-6.45,-199.95,0.00,-3.75,-122.06,0.00,-2.70,-77.89,11.00
3.10,-0.10,0.00,0.00,0.00,94.40,-0.06,-2.19,-0.12,-9.44,-292.64,0.00,-6.13,-173.18,0.00,-3.31,-119.46,11.00
3.10,-0.10,0.00,0.00,0.00,94.40,-0.06,-2.19,-0.12,-9.44,-292.64,0.00,-6.13,-173.18,0.00,-3.31,-119.46,11.00
3.10,-0.10,0.00,0.00,0.00,94.40,-0.19,-2.38,-0.31,-9.44,-292.64,0.00,-3.61,-202.89,0.00,-5.83,-89.75,11.00
3.10,-0.10,0.00,0.00,0.00,144.50,-0.06,-3.81,-0.19,-14.45,-447.95,0.00,-12.03,-299.27,0.00,-2.42,-148.68,11.00
3.10,-0.10,0.00,0.00,0.00,144.50,-0.25,-4.56,-0.88,-14.45,-447.95,0.00,-11.69,-412.91,0.00,-2.76,-35.04,11.00
3.10,-0.10,0.00,0.00,0.00,144.50,-0.19,-4.88,0.38,-14.45,-447.95,0.00,-9.20,-330.90,0.00,-5.25,-117.05,11.00
